-4.42204830788945
-0.202562818257948
-8.17383530686217
-8.22535181356952
5.30152253589848
6.13249871134227
-1.2874481755378
5.1915255495318
-9.30784248603223
4.79998590550941
7.81155301077537
5.46792069425142
3.86799191811572
-9.91394255592923
5.28544101705756
-9.22676166875161
8.18095215956813
-3.01153944773003
10.054639724679
-2.76671318739576
1.46794670015662
9.39389036029988
-3.15056349718205
9.2253514778291
7.45283674809871
2.18742685588692
-1.26982705131093
-4.15502133751452
-6.44337011600397
4.16253563163618
9.35743391696831
8.68949872056954
0.0851350209473965
3.37699744858923
1.16775712976593
0.457392760250158
-8.95397422578868
-7.93356100001079
-9.86490901229252
-5.50590042398322
7.32201006161726
-4.49541288576753
9.78624996391348
2.98518525428694
9.50501400618304
0.162050725046409
-8.98842135993252
9.90067143632363
-0.769721829275125
-0.68346170972071
9.03607393045079
9.91305262284905
-5.48943249127164
4.143234986969
-7.24110574873553
7.06538843701049
-2.76476060796642
7.37194059188901
5.69051852918882
9.52841562974571
-7.79391589431345
0.410920674529491
-1.32858702065619
-6.57327231874053
9.38157258028972
-5.98359591675457
2.24592592411643
-4.11506355923846
-8.77361349954559
9.25844626077936
-3.57393874873201
-7.86576827629572
-2.76162594778248
-6.01581981756923
9.48470999512511
-6.03044855652168
2.19269106816221
2.62243596094742
-0.343511882369366
-4.00752501057579
2.80066692136162
-0.631656061251501
6.56566247658952
-1.21737974630239
1.22394146851028
-7.78106072149308
-1.62200118328642
-0.22749095685174
9.55292455305566
4.32325464089754
4.90867937998212
4.38736144379454
-1.0815517653187
-1.16379115408311
-0.560664831306171
-3.47288445943076
-5.88435783257049
-5.91629789856459
4.29013258376094
-6.24548421948384
2.53162729860036
5.25868790625633
-8.98683437573413
-4.75313664143182
3.50415728037785
-4.8807544756888
-7.43928840766255
-9.7987832030543
8.93410190042016
-5.7228109174004
-7.38124295761785
9.19304063511167
-3.3988502133402
-4.85871360421751
8.41838132319517
-6.59152871222771
2.52379095705179
-3.86207645142139
1.63853129507784
9.50828725535052
9.49302604895237
6.77163415630006
-8.84200526239393
-6.65166589860035
-1.14742978841586
4.74792972182998
-7.61787286940781
7.33798769693037
4.54812817618848
-0.93496091136856
0.684595834184799
2.64044590497932
-9.30759909770529
-5.02078673589787
-6.21584893029916
-7.26245256284072
2.4794832529485
5.19392928370488
-0.364675246403245
4.78380821374085
-5.547285644372
-2.05037927311238
-3.22203923960613
7.73113924028379
-2.86301751402388
-2.01952124978292
-7.96013862224669
-7.70134297332207
-6.0128139832631
-4.97953466684582
4.02927145184195
4.0562018536963
7.85180413281082
-0.468763478372164
1.38915798261582
2.75807285300081
-6.78852518464901
-0.321607843273907
6.48830450475582
8.01739713860013
1.20666140520316
4.8434935484864
0.101920696065821
-6.31420764047333
2.16421787930969
4.74060481784181
8.30861255133453
0.211399365397025
-4.07184817160225
4.78187081035265
-6.24204365468331
2.0757891588253
4.09054050584924
-2.51044896876999
-6.73630114889888
6.51745670735009
7.54242333789953
-1.7306398304908
-9.10267202256168
1.71294517456191
3.84611251475286
9.68419272921706
-3.76150798538569
3.90252759164599
-0.788413937707818
-5.46777866145063
-2.02851208042529
2.48956905390963
-1.88612065846388
-5.32868587015659
-9.70727896318969
-1.30466866396841
7.7029369825169
-1.54641717965578
8.2279208108413
-9.51815395662742
-8.92861042786096
-2.2231206530055
-6.7969629712549
9.43533559010131
1.44682687270866
-0.149052970096984
-1.086494338232
-5.2616350752342
-5.51313539504615
-7.83063974503974
1.54032276346386
2.13047676927682
0.661408090306429
-0.61531161675161
